0 0.1925 0.81666667 0.2075 0.81666667 0.2075 0.78333333 0.1925 0.78333333
1 0.39125 0.78833333 0.40875 0.78833333 0.40875 0.81166667 0.39125 0.81166667
0 0.59883975 0.82398717 0.61616025 0.81065384 0.60116025 0.77601283 0.58383975 0.78934616
0 0.78875 0.815 0.81125 0.815 0.81125 0.785 0.78875 0.785
0 0.19 0.52 0.21 0.52 0.21 0.48 0.19 0.48
1 0.3875 0.48333333 0.4125 0.48333333 0.4125 0.51666667 0.3875 0.51666667
0 0.59 0.51666667 0.61 0.51666667 0.61 0.48333333 0.59 0.48333333
0 0.7925 0.51 0.8075 0.51 0.8075 0.49 0.7925 0.49
0 0.19 0.22333333 0.21 0.22333333 0.21 0.17666667 0.19 0.17666667
1 0.3875 0.18333333 0.4125 0.18333333 0.4125 0.21666667 0.3875 0.21666667
0 0.60008975 0.22687393 0.61741025 0.21354059 0.59991025 0.17312607 0.58258975 0.18645941
0 0.79125 0.21166667 0.80875 0.21166667 0.80875 0.18833333 0.79125 0.18833333
