0 0.1925 0.81666667 0.2075 0.81666667 0.2075 0.78333333 0.1925 0.78333333
1 0.40875 0.8 0.40858187 0.79772395 0.40808395 0.79553536 0.40727536 0.79351835 0.40618718 0.79175042 0.40486124 0.79029952 0.40334848 0.78922141 0.40170704 0.78855751 0.4 0.78833333 0.39829296 0.78855751 0.39665152 0.78922141 0.39513876 0.79029952 0.39381282 0.79175042 0.39272464 0.79351835 0.39191605 0.79553536 0.39141813 0.79772395 0.39125 0.8 0.39141813 0.80227605 0.39191605 0.80446464 0.39272464 0.80648165 0.39381282 0.80824958 0.39513876 0.80970048 0.39665152 0.81077859 0.39829296 0.81144249 0.4 0.81166667 0.40170704 0.81144249 0.40334848 0.81077859 0.40486124 0.80970048 0.40618718 0.80824958 0.40727536 0.80648165 0.40808395 0.80446464 0.40858187 0.80227605
0 0.59883975 0.82398717 0.61616025 0.81065384 0.60116025 0.77601283 0.58383975 0.78934616
0 0.78875 0.815 0.81125 0.815 0.81125 0.785 0.78875 0.785
0 0.19 0.52 0.21 0.52 0.21 0.48 0.19 0.48
1 0.4125 0.5 0.41225982 0.49674849 0.41154849 0.49362194 0.41039337 0.4907405 0.40883883 0.48821489 0.40694463 0.48614217 0.40478354 0.48460201 0.40243863 0.48365358 0.4 0.48333333 0.39756137 0.48365358 0.39521646 0.48460201 0.39305537 0.48614217 0.39116117 0.48821489 0.38960663 0.4907405 0.38845151 0.49362194 0.38774018 0.49674849 0.3875 0.5 0.38774018 0.50325151 0.38845151 0.50637806 0.38960663 0.5092595 0.39116117 0.51178511 0.39305537 0.51385783 0.39521646 0.51539799 0.39756137 0.51634642 0.4 0.51666667 0.40243863 0.51634642 0.40478354 0.51539799 0.40694463 0.51385783 0.40883883 0.51178511 0.41039337 0.5092595 0.41154849 0.50637806 0.41225982 0.50325151
0 0.59 0.51666667 0.61 0.51666667 0.61 0.48333333 0.59 0.48333333
0 0.7925 0.51 0.8075 0.51 0.8075 0.49 0.7925 0.49
0 0.19 0.22333333 0.21 0.22333333 0.21 0.17666667 0.19 0.17666667
1 0.4125 0.2 0.41225982 0.19674849 0.41154849 0.19362194 0.41039337 0.1907405 0.40883883 0.18821489 0.40694463 0.18614217 0.40478354 0.18460201 0.40243863 0.18365358 0.4 0.18333333 0.39756137 0.18365358 0.39521646 0.18460201 0.39305537 0.18614217 0.39116117 0.18821489 0.38960663 0.1907405 0.38845151 0.19362194 0.38774018 0.19674849 0.3875 0.2 0.38774018 0.20325151 0.38845151 0.20637806 0.38960663 0.2092595 0.39116117 0.21178511 0.39305537 0.21385783 0.39521646 0.21539799 0.39756137 0.21634642 0.4 0.21666667 0.40243863 0.21634642 0.40478354 0.21539799 0.40694463 0.21385783 0.40883883 0.21178511 0.41039337 0.2092595 0.41154849 0.20637806 0.41225982 0.20325151
0 0.60008975 0.22687393 0.61741025 0.21354059 0.59991025 0.17312607 0.58258975 0.18645941
0 0.79125 0.21166667 0.80875 0.21166667 0.80875 0.18833333 0.79125 0.18833333
